{"columns": ["benford_score", "zscore_severity", "isolation_forest_score", "billing_mismatch_score", "temporal_spike_score", "ghost_provider_score", "claims_per_bene_score", "concentration_score", "total_risk_score"], "values": [[1.0, 0.06081148118118532, -0.15828609851165423, 0.05985733628439777, 0.3082688851101619, 0.2752903773222276, 0.13395059428733466, -0.16846133827953083, 0.41150042945736026], [0.06081148118118532, 1.0, 0.10205812554893925, 0.16900697426206088, 0.3265079569671188, 0.27010528522608074, 0.2771610128339122, -0.491245694787683, 0.6712226894744265], [-0.15828609851165423, 0.10205812554893925, 1.0, -0.029742898411442318, -0.25989034725196364, 0.26745536528672287, 0.21050232929431015, 0.204884754744262, 0.40024986247894695], [0.05985733628439777, 0.16900697426206088, -0.029742898411442318, 1.0, 0.16858172250483297, 0.13439493358563773, 0.20538453938908025, -0.20074845587782192, 0.37116270897095094], [0.3082688851101619, 0.3265079569671188, -0.25989034725196364, 0.16858172250483297, 1.0, 0.12448488508861051, 0.26100650517077084, -0.5217392633091381, 0.5082139246575923], [0.2752903773222276, 0.27010528522608074, 0.26745536528672287, 0.13439493358563773, 0.12448488508861051, 1.0, 0.3946306657540058, -0.31575167500970963, 0.6026570507568267], [0.13395059428733466, 0.2771610128339122, 0.21050232929431015, 0.20538453938908025, 0.26100650517077084, 0.3946306657540058, 1.0, -0.363230017340354, 0.6030683556009935], [-0.16846133827953083, -0.491245694787683, 0.204884754744262, -0.20074845587782192, -0.5217392633091381, -0.31575167500970963, -0.363230017340354, 1.0, -0.3561352943312034], [0.41150042945736026, 0.6712226894744265, 0.40024986247894695, 0.37116270897095094, 0.5082139246575923, 0.6026570507568267, 0.6030683556009935, -0.3561352943312034, 1.0]]}